region,xing,bfa,stepstone,linkedIn
Hamburg,47,3,22,28
Berlin,29,6,16,49
Hessen,41,6,17,36
Bayern,41,8,17,34
Baden-Württemberg,43,6,21,30
Nordrhein-Westfalen,45,8,22,25
Bremen,43,8,24,25
Schleswig-Holstein,44,9,28,19
Niedersachsen,46,10,24,20
Rheinland-Pfalz,43,11,19,27
Sachsen,48,11,17,24
Saarland,43,16,15,26
Thüringen,48,13,19,20
Sachsen-Anhalt,43,18,21,18
Brandenburg,35,13,27,25
Mecklenburg-Vorpommern,38,21,23,18
